cluster,user_country,user_region,user_city,package
0,66,442,36086,1
1,66,174,48862,1
2,66,174,29254,0
3,66,348,48862,1
4,66,442,3781,1
5,66,174,49272,0
6,66,174,48862,1
7,66,174,36086,1
8,66,174,36643,1
9,66,442,48862,1
10,66,442,42300,0
11,66,174,48862,0
12,66,174,48862,0
13,66,174,48862,1
14,46,368,7317,1
15,66,442,24103,0
16,66,155,3263,1
17,66,442,48862,1
18,66,174,48862,0
19,66,174,48862,1
20,66,348,48862,1
21,205,155,26232,1
22,66,442,14703,1
23,66,442,28620,0
24,66,174,51733,1
25,66,442,48862,1
26,66,174,48862,0
27,66,174,24103,1
28,66,174,36086,1
29,66,442,35390,1
30,66,348,48862,1
31,66,174,53078,1
32,66,174,48862,1
33,66,442,47535,0
34,66,442,35390,1
35,66,174,48862,0
36,66,174,48862,0
37,66,174,29254,1
38,66,174,16634,0
39,66,442,25315,1
40,66,174,36086,1
41,66,174,48862,0
42,66,174,21728,1
43,66,348,48862,1
44,66,174,48862,1
45,66,174,31371,1
46,66,174,48862,1
47,66,462,49272,1
48,66,174,48862,1
49,66,348,48862,1
50,66,174,48862,1
51,66,174,48862,1
52,66,348,48862,1
53,66,174,48862,1
54,66,174,43356,0
55,66,174,53780,1
56,66,442,39840,0
57,66,174,36086,1
58,66,348,48862,1
59,66,174,48862,1
60,66,354,27655,0
61,66,174,48862,1
62,66,174,36086,1
63,66,174,48862,0
64,66,174,49272,0
65,66,354,48862,1
66,66,435,39840,1
67,66,462,47535,0
68,66,462,52482,1
69,66,174,48862,0
70,66,354,21728,0
71,66,174,24103,0
72,66,174,48862,1
73,66,442,35390,1
74,66,442,14703,1
75,66,174,48862,1
76,66,174,48862,0
77,66,174,6802,1
78,66,174,39877,0
79,66,442,2037,0
80,66,174,24103,0
81,66,442,28620,0
82,66,462,49272,1
83,66,174,54953,1
84,66,348,6959,1
85,66,184,2037,1
86,66,348,48862,1
87,66,174,24103,1
88,66,174,48862,0
89,66,174,48862,0
90,66,348,48862,1
91,66,220,36086,1
92,66,174,49272,1
93,66,442,41898,0
94,66,354,25315,1
95,66,174,36086,1
96,66,442,49272,0
97,66,348,48862,1
98,66,174,48862,1
99,66,174,18885,1
100,66,174,49272,1
101,66,174,48862,0
102,66,174,48862,1
103,66,174,48862,1
104,66,174,47207,1
105,66,354,36086,1
106,66,174,48862,1
107,66,348,48862,1
108,66,174,36086,1
109,66,174,2428,0
110,66,174,46432,1
111,66,348,48862,1
112,66,174,48862,0
113,66,174,48862,1
114,66,174,14703,1
115,66,174,24103,1
116,66,174,31371,0
117,66,174,25315,0
118,66,174,26232,1
119,66,442,25538,1
120,66,174,51733,1
121,66,174,48862,0
122,66,354,25315,1
123,66,174,15015,1
124,66,174,46432,0
125,66,348,48862,1
126,66,174,11878,0
127,66,442,22202,0
128,66,174,14703,1
129,66,174,25315,1
130,66,174,48862,0
131,66,174,9444,1
132,66,442,22202,0
133,66,442,35390,1
134,66,442,29968,1
135,66,174,36086,1
136,66,174,2086,0
137,66,174,52482,1
138,66,824,15015,1
139,66,174,35390,1
140,66,174,56153,1
141,66,174,26232,1
142,66,442,35390,0
143,66,348,48862,1
144,66,174,48862,0
145,66,462,49272,0
146,66,442,49272,0
147,66,174,48862,1
148,66,155,48862,1
149,66,174,48862,0
150,66,174,48862,1
151,66,363,5335,1
152,66,174,48862,0
153,66,174,36086,0
154,66,174,35390,1
155,66,348,54953,1
156,66,174,25315,0
157,66,174,51733,1
158,66,220,48862,1
159,66,174,48862,0
160,66,174,52482,1
161,66,174,48862,0
162,66,174,29254,1
163,66,174,52482,1
164,66,174,36086,1
165,66,348,48862,1
166,66,174,26232,1
167,66,354,48862,1
168,66,174,48862,1
169,66,174,24103,1
170,66,174,36643,0
171,66,348,48862,1
172,66,174,36086,1
173,66,174,48862,0
174,66,348,15015,1
175,66,348,48862,1
176,66,442,47307,1
177,66,174,49272,0
178,66,442,2360,1
179,66,174,48862,1
180,66,174,48862,0
181,66,174,48862,1
182,66,442,49272,1
183,66,174,53780,1
184,66,174,35390,0
185,66,442,14703,0
186,66,348,48862,1
187,66,174,48862,1
188,66,174,53780,1
189,66,442,48862,0
190,66,174,49272,1
191,66,174,35390,0
192,66,174,48862,1
193,66,174,26232,1
194,66,174,48862,0
195,66,442,48862,1
196,66,174,51733,1
197,66,174,26232,1
198,66,174,24103,1
199,66,174,48862,1
200,66,174,5938,1
201,66,174,52482,0
202,66,174,35390,1
203,66,442,48862,1
204,66,462,49272,0
205,66,354,14703,1
206,66,174,31371,1
207,66,348,36086,1
208,66,174,48862,1
209,66,442,11124,0
210,66,442,35390,1
211,66,174,48862,1
212,66,348,48862,1
213,66,174,24103,1
214,66,174,48862,0
215,66,174,48862,1
216,66,442,49272,0
217,66,442,46296,0
218,66,395,25315,1
219,66,354,49325,1
220,66,174,48862,1
221,66,174,8159,1
222,66,174,4687,1
223,66,435,20927,1
224,66,174,36086,1
225,66,174,25315,1
226,66,442,48862,0
227,66,174,52482,1
228,66,174,49272,0
229,66,174,48862,0
230,66,348,48862,1
231,66,442,48862,1
232,66,354,48862,0
233,66,174,36086,1
234,66,174,56136,0
235,66,363,34849,1
236,66,174,48862,1
237,66,174,48862,1
238,66,174,48862,0
239,66,174,27767,0
240,66,174,49272,1
241,66,174,48862,1
242,66,174,24103,1
243,66,174,36643,1
244,66,348,48862,1
245,66,348,48862,1
246,66,174,48862,0
247,66,174,1658,1
248,66,174,52482,1
249,66,348,48862,1
250,66,442,30279,1
251,66,448,53377,1
252,66,311,4687,1
253,66,174,52482,1
254,66,442,36643,1
255,66,442,50659,1
256,66,442,49272,0
257,66,442,48862,1
258,66,462,51733,1
259,66,174,48862,0
260,66,174,48862,0
261,66,442,48862,1
262,66,442,42300,0
263,66,442,51359,1
264,66,174,50386,1
265,66,174,29254,1
266,66,462,48862,1
267,66,174,48862,1
268,66,174,48862,0
269,66,174,26232,1
270,66,348,48862,1
271,66,174,48862,1
272,66,174,48862,1
273,66,174,35390,1
274,66,442,35390,1
275,66,442,25315,1
276,66,174,29254,0
277,66,348,48862,1
278,66,174,48862,1
279,66,174,24103,1
280,66,174,48862,1
281,66,348,48862,1
282,66,174,31371,1
283,66,174,35390,1
284,66,348,14752,1
285,66,646,51733,1
286,66,174,35390,0
287,66,462,46963,1
288,66,174,23511,1
289,66,442,47535,0
290,66,174,48862,1
291,66,462,19022,1
292,66,174,35390,0
293,66,442,29254,0
294,66,462,48862,1
295,66,174,48862,1
296,66,442,36086,1
297,66,174,48862,1
298,66,354,12346,1
299,66,174,48862,1
300,66,442,48862,1
301,66,174,48862,1
302,66,442,23258,1
303,66,174,35390,0
304,66,174,48862,1
305,66,348,48862,1
306,66,174,26259,1
307,66,174,48862,1
308,66,174,49258,1
309,66,442,54108,1
310,66,174,49272,0
311,66,174,49272,1
312,66,354,53078,1
313,66,174,24103,1
314,66,442,48862,1
315,205,385,30279,1
316,66,354,24103,1
317,66,174,24103,0
318,66,174,15015,1
319,66,174,48862,1
320,66,348,48862,1
321,66,174,24103,1
322,66,442,7976,1
323,66,174,48862,1
324,66,442,47535,0
325,66,442,49272,0
326,66,174,48862,0
327,66,442,51733,1
328,66,174,46296,1
329,66,442,48862,1
330,66,442,47535,1
331,66,174,24103,0
332,66,442,35390,0
333,66,442,48862,1
334,66,174,12346,1
335,66,354,48951,1
336,66,174,48862,0
337,66,174,48862,1
338,66,174,3492,0
339,66,174,24103,0
340,66,174,48862,1
341,66,174,48479,1
342,66,174,27655,1
343,66,462,47535,0
344,66,174,49272,0
345,66,442,35390,1
346,66,442,25315,0
347,66,442,47357,0
348,66,442,35390,1
349,66,442,27655,1
350,66,348,48862,1
351,1,174,4948,1
352,66,824,15015,1
353,66,442,11124,1
354,66,135,48862,1
355,66,442,49272,1
356,66,824,2086,1
357,66,348,48862,1
358,66,354,3522,1
359,66,174,36086,1
360,66,174,19022,1
361,66,174,7929,1
362,66,348,48862,1
363,66,174,24103,1
364,66,174,23702,1
365,66,174,5391,1
366,66,174,29254,0
367,66,174,36086,1
368,66,174,48862,0
369,66,174,24103,0
370,205,354,19416,1
371,66,442,48862,0
372,66,174,48862,1
373,66,348,48862,1
374,66,354,25315,1
375,66,184,48862,0
376,66,226,9229,1
377,66,354,48951,1
378,66,462,12565,1
379,66,174,29254,0
380,66,174,48862,1
381,66,174,48862,1
382,66,174,26232,1
383,66,174,48862,1
384,66,174,24103,0
385,66,174,31371,1
386,66,174,48862,1
387,66,155,48862,1
388,66,174,48862,0
389,66,174,29783,0
390,66,174,38276,1
391,66,174,5807,0
392,66,462,51733,1
393,66,174,48862,0
394,66,442,47357,1
395,66,174,24103,0
396,66,174,48862,0
397,66,174,46963,1
398,66,348,48862,1
399,66,442,48862,1
400,66,174,48862,0
401,66,442,53274,1
402,66,174,28620,1
403,66,174,48862,1
404,66,174,48862,1
405,66,174,49272,1
406,66,174,51428,0
407,66,174,36086,1
408,66,174,49272,1
409,205,354,48862,1
410,66,442,48862,1
411,66,174,43387,1
412,66,174,48862,1
413,205,354,28561,1
414,66,346,2037,1
415,66,174,36086,0
416,66,462,14703,0
417,66,348,48862,1
418,66,174,51733,1
419,66,348,14703,1
420,66,174,53780,0
421,66,442,26232,1
422,66,174,28865,1
423,66,346,3602,1
424,66,462,5444,1
425,66,348,48862,1
426,66,331,48862,1
427,66,174,48862,0
428,66,174,48862,0
429,66,174,48862,0
430,66,174,35390,1
431,66,174,46432,0
432,66,442,51733,1
433,66,311,8733,1
434,66,174,48862,1
435,66,442,36086,1
436,66,174,48862,0
437,66,462,49272,1
438,66,174,4687,0
439,66,348,48862,1
440,66,442,35390,0
441,66,348,48862,1
442,66,174,48862,1
443,66,155,22091,1
444,66,442,50870,1
445,66,174,36086,0
446,66,174,24103,1
447,66,174,14703,1
448,66,354,48862,0
449,66,174,48862,1
450,66,174,51733,0
451,66,442,36086,0
452,66,354,76,1
453,66,448,47357,1
454,66,442,52482,0
455,66,174,26232,1
456,66,442,48862,1
457,66,174,24103,1
458,66,174,38090,1
459,66,220,48862,1
460,66,442,46296,1
461,66,354,7363,1
462,66,348,48862,0
463,66,977,29226,1
464,66,174,48862,1
465,66,442,876,1
466,66,155,35390,1
467,66,442,9615,0
468,66,442,48862,0
469,66,174,48862,0
470,66,174,48862,1
471,66,442,48862,1
472,66,174,36086,1
473,66,442,48862,0
474,66,348,48862,1
475,66,174,48862,1
476,66,174,22202,1
477,66,174,48862,1
478,66,174,29254,1
479,66,174,15015,1
480,66,354,48951,1
481,66,462,48862,1
482,66,824,53780,1
483,66,174,48862,1
484,66,442,47357,0
485,66,174,28561,0
486,66,174,25315,1
487,66,174,48862,0
488,66,354,25315,1
489,66,348,48862,1
490,66,462,28561,1
491,66,174,52482,1
492,66,442,42300,1
493,77,824,48862,1
494,66,174,35390,1
495,66,174,24103,1
496,66,354,26232,1
497,66,174,48862,1
498,66,348,42300,1
499,66,174,48862,0
500,66,174,4687,1
501,66,174,22202,0
502,66,462,48862,1
503,66,348,48862,1
504,66,174,48862,1
505,66,174,35390,1
506,66,354,48862,1
507,66,174,25315,1
508,66,348,48862,1
509,66,174,48862,0
510,66,442,46296,1
511,66,442,24103,1
512,66,174,39058,1
513,66,174,21686,1
514,66,220,47307,1
515,66,174,25315,0
516,66,174,48862,1
517,66,348,53377,1
518,66,174,42300,1
519,66,442,2086,1
520,66,348,47997,1
521,66,174,48862,0
522,66,174,46963,1
523,66,348,48862,1
524,66,174,48862,1
525,66,174,26232,0
526,66,354,25315,1
527,66,174,2037,0
528,66,462,49272,1
529,66,174,1834,1
530,66,467,56030,0
531,66,343,37594,0
532,66,174,51733,1
533,66,442,76,1
534,66,462,50870,1
535,66,348,10388,0
536,66,442,48862,1
537,66,448,48862,1
538,66,442,47357,1
539,66,174,48862,1
540,66,442,48862,1
541,66,348,48862,1
542,66,348,48862,1
543,66,354,29254,1
544,66,348,48862,1
545,66,348,48862,1
546,66,174,48862,1
547,66,174,29254,0
548,66,174,48596,1
549,66,258,4687,1
550,66,354,48862,1
551,66,174,48862,1
552,66,462,10553,0
553,66,348,48862,1
554,66,348,48862,0
555,66,174,48862,1
556,66,174,48862,1
557,66,174,51733,0
558,66,174,48862,1
559,66,442,40105,1
560,66,174,25315,1
561,66,220,775,1
562,66,348,48862,1
563,66,174,48862,1
564,66,174,26232,1
565,66,174,49272,0
566,66,354,48862,0
567,66,462,48862,1
568,66,348,48862,1
569,66,354,25315,1
570,66,442,56136,1
571,66,174,48862,1
572,66,442,45853,0
573,66,174,17112,1
574,66,174,26232,1
575,66,174,41898,1
576,66,174,48951,1
577,66,442,5444,1
578,66,174,29254,0
579,66,220,2086,1
580,66,354,53780,1
581,66,174,995,1
582,66,462,41898,1
583,66,174,48862,1
584,66,442,32759,1
585,1,395,29254,1
586,66,174,38276,1
587,66,174,51298,1
588,66,442,35390,0
589,66,155,14703,0
590,66,155,52482,1
591,66,442,56003,1
592,66,174,2096,1
593,66,174,36086,1
594,66,348,48862,1
595,66,174,48862,0
596,66,174,48862,0
597,66,174,52482,1
598,66,348,48862,1
599,66,442,48862,1
600,66,174,48862,1
601,66,442,50659,1
602,66,462,49272,0
603,66,442,50542,1
604,66,174,48862,0
605,66,442,48862,0
606,66,174,25315,1
607,66,174,18037,1
608,66,174,48862,0
609,66,314,47869,1
610,66,174,52482,1
611,66,348,48862,1
612,66,174,36086,1
613,66,174,48862,1
614,66,220,775,1
615,66,220,8159,1
616,66,174,48862,1
617,66,256,53274,1
618,66,348,48862,1
619,66,174,48862,0
620,66,174,2086,0
621,66,442,39058,1
622,66,442,47357,1
623,66,174,48862,0
624,66,462,49272,1
625,66,442,48862,1
626,66,348,48862,0
627,66,174,48862,1
628,66,442,49272,1
629,66,174,48862,1
630,66,174,25315,0
631,66,462,48862,1
632,66,174,24103,0
633,66,348,48862,1
634,66,442,43382,1
635,66,462,49272,0
636,66,448,48862,1
637,66,174,5938,1
638,66,348,48862,1
639,205,155,29226,1
640,66,348,48862,1
641,66,196,48951,1
642,1,436,29254,1
643,66,155,48862,1
644,66,174,48862,1
645,66,442,14703,1
646,66,348,48862,1
647,66,174,36086,0
648,66,442,25315,0
649,66,174,48862,0
650,66,174,48862,1
651,66,174,48862,1
652,66,174,2495,1
653,66,348,48862,1
654,66,174,48862,0
655,66,174,47997,1
656,66,174,24103,0
657,66,174,29254,0
658,66,348,48862,1
659,66,348,48862,1
660,66,348,48862,1
661,66,174,29254,1
662,66,348,48862,1
663,66,174,53078,0
664,66,442,35390,1
665,66,174,2096,0
666,66,174,52482,1
667,66,174,52482,1
668,66,442,76,1
669,66,174,49272,0
670,66,442,48862,0
671,66,174,51733,1
672,66,174,48862,1
673,66,354,48862,1
674,66,174,29254,1
675,66,348,48862,1
676,66,174,48862,1
677,66,174,20857,0
678,66,174,48862,1
679,66,447,274,1
680,66,442,2428,1
681,66,442,53780,1
682,205,312,7749,1
683,66,174,36086,0
684,66,448,48862,1
685,66,174,16634,1
686,66,174,27655,0
687,66,174,36086,0
688,66,174,36086,1
689,66,442,27655,0
690,66,348,51733,1
691,66,462,36086,1
692,66,174,48862,1
693,205,354,42252,1
694,66,318,54516,0
695,66,174,35390,1
696,66,442,49272,0
697,66,174,24103,0
698,66,174,49272,1
699,66,174,48862,0
700,66,174,10553,1
701,66,258,38090,1
702,66,442,31371,1
703,66,174,49272,0
704,66,442,51733,1
705,66,174,14703,1
706,66,442,44140,0
707,66,174,16634,1
708,66,354,2675,1
709,66,174,21728,0
710,66,442,45317,0
711,66,348,48862,1
712,66,442,48862,1
713,66,174,3492,1
714,66,174,48862,0
715,66,174,48862,1
716,66,174,48862,1
717,66,174,36086,1
718,66,363,42300,1
719,66,174,48862,0
720,66,442,48862,1
721,66,348,48862,1
722,66,348,33119,1
723,66,448,53078,0
724,66,348,48862,1
725,66,354,25315,1
726,66,348,48862,1
727,66,174,23706,1
728,66,174,51733,1
729,66,174,2037,1
730,66,174,33119,1
731,66,442,54953,0
732,66,174,48862,1
733,66,174,27655,1
734,66,220,38621,1
735,66,174,48862,1
736,66,174,48862,1
737,66,174,48862,1
738,66,348,48862,1
739,66,174,54953,1
740,66,174,48862,1
741,66,174,52085,0
742,66,174,27655,1
743,66,442,14703,1
744,66,442,47307,1
745,66,174,4724,1
746,66,174,9335,1
747,66,174,48862,1
748,66,348,48951,1
749,66,348,48862,1
750,66,347,29254,1
751,66,174,52482,1
752,66,442,25315,0
753,66,174,48862,1
754,66,348,48862,1
755,66,348,657,1
756,66,174,49272,0
757,66,174,27655,1
758,66,442,14785,0
759,66,462,23511,0
760,66,174,24103,1
761,66,174,48862,1
762,66,174,48862,1
763,66,174,51733,1
764,66,174,25315,1
765,66,348,24103,1
766,66,171,27117,1
767,66,174,48862,1
768,66,174,47325,1
769,66,442,48862,1
770,66,174,48862,1
771,66,462,49272,1
772,66,442,35390,0
773,66,174,16634,1
774,66,462,27655,1
775,66,442,48862,1
776,66,174,48862,1
777,66,174,48862,1
778,66,348,48862,1
779,66,174,36086,1
780,66,174,56153,1
781,66,174,51733,1
782,66,442,20706,0
783,66,174,28561,1
784,66,363,2037,1
785,66,442,43382,1
786,66,354,52482,1
787,66,174,48862,1
788,66,174,51733,0
789,66,348,39058,0
790,66,174,29254,0
791,66,354,52482,1
792,66,226,42300,1
793,66,174,24103,1
794,205,155,53078,1
795,66,174,27251,1
796,66,348,48862,1
797,77,871,42288,1
798,66,174,48862,1
799,66,220,19334,1
800,66,174,51733,1
801,66,354,48862,1
802,66,322,55068,1
803,66,155,48862,1
804,66,442,46296,1
805,66,348,48862,1
806,66,174,48862,1
807,66,174,41209,1
808,66,442,48862,1
809,66,174,48862,0
810,66,174,51733,1
811,66,442,48862,1
812,66,174,36086,1
813,66,174,54089,1
814,66,442,48862,0
815,66,442,46963,1
816,66,174,50542,0
817,66,174,48862,0
818,66,348,48862,1
819,66,174,48862,1
820,66,348,48862,1
821,66,442,45853,1
822,66,354,48862,1
823,66,174,31371,1
824,66,135,42973,1
825,66,174,48862,0
826,66,442,25315,1
827,66,174,51381,1
828,66,174,56153,1
829,66,174,46296,1
830,66,348,33452,1
831,66,348,21728,1
832,66,174,24103,1
833,66,354,48862,1
834,66,348,48862,1
835,66,354,53377,1
836,66,348,48862,1
837,66,174,35390,0
838,66,442,48862,1
839,66,174,48862,1
840,66,462,48862,1
841,66,174,35390,0
842,66,174,48862,1
843,66,354,25315,1
844,66,348,48862,1
845,66,174,48862,1
846,66,174,42300,1
847,66,348,48862,1
848,66,174,52320,0
849,66,174,48862,1
850,66,174,14703,0
851,66,174,48862,1
852,66,442,46296,0
853,66,174,44465,1
854,66,174,24103,1
855,66,155,2495,1
856,66,174,48862,1
857,66,174,47997,1
858,66,348,2495,1
859,66,442,35390,1
860,66,174,36086,1
861,215,646,51733,1
862,66,174,35390,1
863,66,337,55489,1
864,66,442,24103,1
865,66,174,48862,1
866,66,174,17494,1
867,66,348,48862,1
868,66,258,52952,1
869,66,348,36086,1
870,66,442,39877,1
871,66,354,35390,1
872,66,351,53377,0
873,66,174,53078,1
874,77,520,37622,0
875,66,174,48862,1
876,66,354,48951,1
877,66,174,52482,0
878,66,174,24103,1
879,66,174,48862,1
880,66,348,48862,1
881,66,174,48862,1
882,66,442,48862,1
883,66,174,48862,1
884,66,348,53377,1
885,66,174,36086,1
886,66,354,48862,1
887,66,442,28620,0
888,66,348,48862,1
889,66,174,41495,1
890,66,354,48951,1
891,66,348,48862,1
892,66,348,53377,1
893,66,174,48862,1
894,66,442,48862,1
895,66,174,28865,1
896,66,174,48862,1
897,1,401,46223,1
898,66,348,48862,1
899,66,226,28809,0
900,66,442,47997,1
901,66,462,51733,1
902,66,442,48862,1
903,66,174,48862,1
904,66,174,48862,1
905,66,442,36086,0
906,66,174,48862,1
907,66,174,24103,0
908,66,442,35390,0
909,66,174,48862,1
910,66,174,46963,1
911,66,174,44465,1
912,66,348,48862,1
913,66,462,35390,1
914,66,174,9890,1
915,66,318,36643,1
916,66,174,48862,0
917,66,174,36086,1
918,66,174,24103,1
919,66,174,24103,0
920,66,442,22202,0
921,66,174,49272,1
922,66,174,48862,1
923,66,174,29254,1
924,66,442,39058,1
925,66,448,2086,1
926,66,363,76,1
927,66,174,48862,0
928,66,174,25315,1
929,66,174,29254,1
930,77,824,35390,0
931,66,174,24103,0
932,66,442,38729,0
933,66,174,48862,1
934,66,480,55266,1
935,66,174,47997,1
936,66,174,25315,1
937,66,174,29254,1
938,66,174,22091,1
939,66,174,31371,1
940,66,442,48862,1
941,66,348,48862,1
942,66,153,25334,1
943,66,174,30031,1
944,66,174,4687,0
945,66,174,48862,1
946,66,174,48951,1
947,66,174,48862,1
948,66,174,24103,0
949,66,174,26232,0
950,66,442,22202,0
951,66,174,25315,1
952,66,174,56392,0
953,66,348,53780,1
954,66,174,24103,1
955,66,348,48862,1
956,66,174,29254,0
957,66,462,56153,1
958,66,448,48862,1
959,66,442,35390,1
960,66,354,48862,1
961,66,442,48862,1
962,66,354,56153,1
963,66,348,48862,1
964,66,174,48862,1
965,66,174,48862,1
966,66,174,41949,1
967,66,318,33705,1
968,66,174,48862,1
969,66,174,49272,1
970,66,293,49163,1
971,66,174,25315,1
972,66,354,33452,1
973,66,174,24103,1
974,66,442,48862,1
975,66,174,24103,0
976,66,442,47535,1
977,66,174,48862,1
978,66,442,35390,1
979,66,348,48862,1
980,66,174,2096,1
981,66,318,51298,0
982,66,174,48951,0
983,66,442,56276,1
984,66,462,48862,1
985,66,354,14100,0
986,66,135,56436,1
987,66,174,42300,1
988,66,174,5938,1
989,66,354,48862,1
990,66,174,10593,1
991,66,174,48862,1
992,66,442,4687,1
993,66,174,24103,0
994,66,174,3067,1
995,66,174,49272,1
996,66,347,56153,1
997,66,442,37916,1
998,66,174,25315,0
999,66,348,48862,1
